52.315048 45.458160 9.174228
51.251968 45.458164 9.174229
52.128735 45.458160 9.174230
50.867176 45.458160 9.174230
49.723801 45.458164 9.174229
-15.000000 45.458160 9.174228
-15.000000 45.458164 9.174228
-15.000000 45.458164 9.174227
-15.000000 45.458164 9.174226
-15.000000 45.458164 9.174226
-15.000000 45.458164 9.174226
-15.000000 45.458164 9.174226
-15.000000 45.458164 9.174227
-15.000000 45.458164 9.174226
-15.000000 45.458164 9.174225
-15.000000 45.458164 9.174225
-15.000000 45.458160 9.174225
49.172150 45.458160 9.174226
-15.000000 45.458160 9.174227
-15.000000 45.458160 9.174227
-15.000000 45.458160 9.174227
-15.000000 45.458160 9.174227
-15.000000 45.458160 9.174226
49.213409 45.458160 9.174227
-15.000000 45.458160 9.174228
-15.000000 45.458157 9.174227
-15.000000 45.458160 9.174227
52.366211 45.458160 9.174228
52.580551 45.458157 9.174228
52.203125 45.458160 9.174229
53.261475 45.458160 9.174228
55.229130 45.458160 9.174228
53.851837 45.458160 9.174229
54.599804 45.458160 9.174228
53.642422 45.458160 9.174229
53.693062 45.458160 9.174229
54.684605 45.458160 9.174229
55.533966 45.458160 9.174228
55.477238 45.458160 9.174228
55.381771 45.458160 9.174227
54.579796 45.458160 9.174226
53.637428 45.458160 9.174227
52.000725 45.458160 9.174226
50.612938 45.458160 9.174225
50.296082 45.458160 9.174226
53.040886 45.458160 9.174226
50.296082 45.458160 9.174227
50.612938 45.458157 9.174228
49.411072 45.458157 9.174228
49.493885 45.458157 9.174227
49.411068 45.458157 9.174226
50.612938 45.458157 9.174226
52.000725 45.458157 9.174226
50.612938 45.458157 9.174225
50.724243 45.458157 9.174225
49.493885 45.458157 9.174224
53.091019 45.458157 9.174225
50.612938 45.458157 9.174225
50.724243 45.458153 9.174225
52.158108 45.458153 9.174225
52.000725 45.458157 9.174225
50.612938 45.458153 9.174225
50.724243 45.458153 9.174224
53.134399 45.458153 9.174225
50.724243 45.458153 9.174226
52.158108 45.458153 9.174227
52.000725 45.458153 9.174228
50.612938 45.458153 9.174229
50.724243 45.458153 9.174228
50.612938 45.458153 9.174228
50.296078 45.458153 9.174227
-15.000000 45.458153 9.174227
-15.000000 45.458153 9.174226
-15.000000 45.458153 9.174225
-15.000000 45.458153 9.174225
-15.000000 45.458153 9.174226
-15.000000 45.458153 9.174227
-15.000000 45.458153 9.174226
-15.000000 45.458153 9.174225
-15.000000 45.458153 9.174224
-15.000000 45.458153 9.174223
-15.000000 45.458153 9.174222
-15.000000 45.458153 9.174222
-15.000000 45.458153 9.174222
-15.000000 45.458153 9.174221
-15.000000 45.458153 9.174220
-15.000000 45.458153 9.174221
-15.000000 45.458153 9.174221
49.277718 45.458153 9.174221
50.405392 45.458153 9.174222
50.763584 45.458153 9.174222
49.547150 45.458153 9.174223
49.657558 45.458153 9.174222
49.547150 45.458153 9.174221
49.277718 45.458153 9.174220
49.547150 45.458153 9.174221
50.763584 45.458153 9.174222
49.547150 45.458149 9.174222
49.657558 45.458149 9.174221
50.912746 45.458153 9.174222
50.912746 45.458149 9.174221
