51.328011 45.458160 9.174228
52.315048 45.458164 9.174229
53.415321 45.458160 9.174230
55.876789 45.458160 9.174230
57.699371 45.458164 9.174229
58.123608 45.458160 9.174228
60.069042 45.458164 9.174228
57.313786 45.458164 9.174227
59.239761 45.458164 9.174226
59.044945 45.458164 9.174226
56.401459 45.458164 9.174226
54.345398 45.458164 9.174226
54.400948 45.458164 9.174227
54.363598 45.458164 9.174226
52.438644 45.458164 9.174225
54.906727 45.458164 9.174225
53.054501 45.458160 9.174225
52.886765 45.458160 9.174226
53.647865 45.458160 9.174227
51.639275 45.458160 9.174227
55.358467 45.458160 9.174227
56.059853 45.458160 9.174227
55.818558 45.458160 9.174226
56.567837 45.458160 9.174227
56.720966 45.458160 9.174228
55.720402 45.458157 9.174227
55.979595 45.458160 9.174227
55.668846 45.458160 9.174228
56.750072 45.458157 9.174228
53.993725 45.458160 9.174229
53.244408 45.458160 9.174228
52.315048 45.458160 9.174228
54.749763 45.458160 9.174229
51.915001 45.458160 9.174228
51.225204 45.458160 9.174229
50.449295 45.458160 9.174229
51.328011 45.458160 9.174229
53.030014 45.458160 9.174228
53.281818 45.458160 9.174228
50.720787 45.458160 9.174227
50.819168 45.458160 9.174226
52.158104 45.458160 9.174227
53.741726 45.458160 9.174226
52.158104 45.458160 9.174225
53.856583 45.458160 9.174226
55.024906 45.458160 9.174226
54.737915 45.458160 9.174227
54.707809 45.458157 9.174228
54.194405 45.458157 9.174228
53.770149 45.458157 9.174227
54.327782 45.458157 9.174226
54.331192 45.458157 9.174226
53.437771 45.458157 9.174226
54.641987 45.458157 9.174225
56.732655 45.458157 9.174225
57.090282 45.458157 9.174224
59.814228 45.458157 9.174225
58.568707 45.458157 9.174225
60.683750 45.458153 9.174225
62.013199 45.458153 9.174225
59.404736 45.458157 9.174225
62.349773 45.458153 9.174225
61.195431 45.458153 9.174224
63.139874 45.458153 9.174225
61.195431 45.458153 9.174226
59.020088 45.458153 9.174227
57.400097 45.458153 9.174228
55.694614 45.458153 9.174229
56.329807 45.458153 9.174228
54.973610 45.458153 9.174228
56.329807 45.458153 9.174227
54.964405 45.458153 9.174227
52.022038 45.458153 9.174226
52.158104 45.458153 9.174225
52.022038 45.458153 9.174225
52.158104 45.458153 9.174226
52.022038 45.458153 9.174227
50.720787 45.458153 9.174226
49.584927 45.458153 9.174225
49.369450 45.458153 9.174224
-15.000000 45.458153 9.174223
49.369450 45.458153 9.174222
49.584927 45.458153 9.174222
50.720787 45.458153 9.174222
50.439075 45.458153 9.174221
50.720787 45.458153 9.174220
52.566727 45.458153 9.174221
52.829746 45.458153 9.174221
49.527740 45.458153 9.174221
50.227169 45.458153 9.174222
49.527740 45.458153 9.174222
50.321049 45.458153 9.174223
52.510765 45.458153 9.174222
-15.000000 45.458153 9.174221
49.527740 45.458153 9.174220
50.321049 45.458153 9.174221
52.510765 45.458153 9.174222
-15.000000 45.458149 9.174222
52.601402 45.458149 9.174221
53.366211 45.458153 9.174222
53.366211 45.458149 9.174221
