-15.000000 45.458160 9.174228
-15.000000 45.458164 9.174229
-15.000000 45.458160 9.174230
-15.000000 45.458160 9.174230
-15.000000 45.458164 9.174229
-15.000000 45.458160 9.174228
-15.000000 45.458164 9.174228
-15.000000 45.458164 9.174227
-15.000000 45.458164 9.174226
-15.000000 45.458164 9.174226
-15.000000 45.458164 9.174226
-15.000000 45.458164 9.174226
-15.000000 45.458164 9.174227
-15.000000 45.458164 9.174226
-15.000000 45.458164 9.174225
-15.000000 45.458164 9.174225
-15.000000 45.458160 9.174225
-15.000000 45.458160 9.174226
-15.000000 45.458160 9.174227
-15.000000 45.458160 9.174227
-15.000000 45.458160 9.174227
-15.000000 45.458160 9.174227
-15.000000 45.458160 9.174226
-15.000000 45.458160 9.174227
-15.000000 45.458160 9.174228
-15.000000 45.458157 9.174227
-15.000000 45.458160 9.174227
-15.000000 45.458160 9.174228
-15.000000 45.458157 9.174228
-15.000000 45.458160 9.174229
-15.000000 45.458160 9.174228
-15.000000 45.458160 9.174228
-15.000000 45.458160 9.174229
-15.000000 45.458160 9.174228
-15.000000 45.458160 9.174229
-15.000000 45.458160 9.174229
-15.000000 45.458160 9.174229
-15.000000 45.458160 9.174228
-15.000000 45.458160 9.174228
-15.000000 45.458160 9.174227
-15.000000 45.458160 9.174226
-15.000000 45.458160 9.174227
-15.000000 45.458160 9.174226
-15.000000 45.458160 9.174225
-15.000000 45.458160 9.174226
-15.000000 45.458160 9.174226
-15.000000 45.458160 9.174227
-15.000000 45.458157 9.174228
-15.000000 45.458157 9.174228
-15.000000 45.458157 9.174227
-15.000000 45.458157 9.174226
-15.000000 45.458157 9.174226
-15.000000 45.458157 9.174226
-15.000000 45.458157 9.174225
-15.000000 45.458157 9.174225
-15.000000 45.458157 9.174224
-15.000000 45.458157 9.174225
-15.000000 45.458157 9.174225
-15.000000 45.458153 9.174225
-15.000000 45.458153 9.174225
-15.000000 45.458157 9.174225
-15.000000 45.458153 9.174225
-15.000000 45.458153 9.174224
-15.000000 45.458153 9.174225
-15.000000 45.458153 9.174226
-15.000000 45.458153 9.174227
-15.000000 45.458153 9.174228
-15.000000 45.458153 9.174229
-15.000000 45.458153 9.174228
-15.000000 45.458153 9.174228
-15.000000 45.458153 9.174227
-15.000000 45.458153 9.174227
-15.000000 45.458153 9.174226
-15.000000 45.458153 9.174225
-15.000000 45.458153 9.174225
-15.000000 45.458153 9.174226
-15.000000 45.458153 9.174227
-15.000000 45.458153 9.174226
-15.000000 45.458153 9.174225
-15.000000 45.458153 9.174224
-15.000000 45.458153 9.174223
-15.000000 45.458153 9.174222
-15.000000 45.458153 9.174222
-15.000000 45.458153 9.174222
-15.000000 45.458153 9.174221
-15.000000 45.458153 9.174220
-15.000000 45.458153 9.174221
-15.000000 45.458153 9.174221
-15.000000 45.458153 9.174221
-15.000000 45.458153 9.174222
-15.000000 45.458153 9.174222
-15.000000 45.458153 9.174223
-15.000000 45.458153 9.174222
-15.000000 45.458153 9.174221
-15.000000 45.458153 9.174220
-15.000000 45.458153 9.174221
-15.000000 45.458153 9.174222
-15.000000 45.458149 9.174222
-15.000000 45.458149 9.174221
-15.000000 45.458153 9.174222
-15.000000 45.458149 9.174221
