55.352119 45.458160 9.174228
53.349819 45.458164 9.174229
53.139610 45.458160 9.174230
51.582039 45.458160 9.174230
50.252739 45.458164 9.174229
-15.000000 45.458160 9.174228
-15.000000 45.458164 9.174228
-15.000000 45.458164 9.174227
-15.000000 45.458164 9.174226
-15.000000 45.458164 9.174226
-15.000000 45.458164 9.174226
-15.000000 45.458164 9.174226
-15.000000 45.458164 9.174227
-15.000000 45.458164 9.174226
50.252739 45.458164 9.174225
49.961571 45.458164 9.174225
49.517845 45.458160 9.174225
-15.000000 45.458160 9.174226
-15.000000 45.458160 9.174227
-15.000000 45.458160 9.174227
49.517845 45.458160 9.174227
49.961571 45.458160 9.174227
50.252739 45.458160 9.174226
50.354572 45.458160 9.174227
-15.000000 45.458160 9.174228
-15.000000 45.458157 9.174227
-15.000000 45.458160 9.174227
50.354572 45.458160 9.174228
50.252739 45.458157 9.174228
50.354572 45.458160 9.174229
51.723717 45.458160 9.174228
53.349819 45.458160 9.174228
51.723717 45.458160 9.174229
51.582039 45.458160 9.174228
53.139610 45.458160 9.174229
55.009354 45.458160 9.174229
55.352119 45.458160 9.174229
57.958797 45.458160 9.174228
57.987267 45.458160 9.174228
56.969891 45.458160 9.174227
55.494278 45.458160 9.174226
54.753326 45.458160 9.174227
53.894581 45.458160 9.174226
50.855263 45.458160 9.174225
51.765121 45.458160 9.174226
50.597275 45.458160 9.174226
49.517845 45.458160 9.174227
49.961571 45.458157 9.174228
-15.000000 45.458157 9.174228
49.961571 45.458157 9.174227
-15.000000 45.458157 9.174226
50.038792 45.458157 9.174226
51.215458 45.458157 9.174226
50.038792 45.458157 9.174225
49.490475 45.458157 9.174225
-15.000000 45.458157 9.174224
49.490475 45.458157 9.174225
50.038792 45.458157 9.174225
49.490475 45.458153 9.174225
50.500217 45.458153 9.174225
51.215458 45.458157 9.174225
50.038792 45.458153 9.174225
49.490475 45.458153 9.174224
-15.000000 45.458153 9.174225
49.490475 45.458153 9.174226
50.500217 45.458153 9.174227
49.711193 45.458153 9.174228
-15.000000 45.458153 9.174229
49.490475 45.458153 9.174228
50.038792 45.458153 9.174228
50.454681 45.458153 9.174227
49.292320 45.458153 9.174227
49.466663 45.458153 9.174226
49.478546 45.458153 9.174225
-15.000000 45.458153 9.174225
-15.000000 45.458153 9.174226
-15.000000 45.458153 9.174227
-15.000000 45.458153 9.174226
-15.000000 45.458153 9.174225
-15.000000 45.458153 9.174224
-15.000000 45.458153 9.174223
-15.000000 45.458153 9.174222
-15.000000 45.458153 9.174222
-15.000000 45.458153 9.174222
-15.000000 45.458153 9.174221
-15.000000 45.458153 9.174220
-15.000000 45.458153 9.174221
-15.000000 45.458153 9.174221
-15.000000 45.458153 9.174221
-15.000000 45.458153 9.174222
-15.000000 45.458153 9.174222
-15.000000 45.458153 9.174223
-15.000000 45.458153 9.174222
-15.000000 45.458153 9.174221
-15.000000 45.458153 9.174220
-15.000000 45.458153 9.174221
-15.000000 45.458153 9.174222
-15.000000 45.458149 9.174222
-15.000000 45.458149 9.174221
-15.000000 45.458153 9.174222
-15.000000 45.458149 9.174221
