45,458305 9,174223
-15,000000
-15,000000
-15,000000
-15,000000
-15,000000
-15,000000
-15,000000
-15,000000
-15,000000
-15,000000
-15,000000
-15,000000
-15,000000
-15,000000
-15,000000
-15,000000
-15,000000
-15,000000
-15,000000
-15,000000
-15,000000
-15,000000
-15,000000
-15,000000
-15,000000
-15,000000
-15,000000
-15,000000
-15,000000
-15,000000
-15,000000
-15,000000
-15,000000
-15,000000
-15,000000
-15,000000
-15,000000
-15,000000
-15,000000
-15,000000
-15,000000
-15,000000
55,809334
55,236862
55,809334
54,294800
53,896557
54,294800
55,809334
57,613377
57,958797
56,020599
55,809334
54,294800
55,809334
55,236862
56,734367
57,613377
55,809334
55,236862
53,896557
54,294800
53,896557
54,294800
54,436974
54,294800
53,896557
-15,000000
-15,000000
-15,000000
-15,000000
-15,000000
-15,000000
-15,000000
-15,000000
-15,000000
-15,000000
-15,000000
-15,000000
-15,000000
-15,000000
-15,000000
-15,000000
-15,000000
-15,000000
-15,000000
-15,000000
-15,000000
-15,000000
-15,000000
-15,000000
-15,000000
-15,000000
-15,000000
-15,000000
-15,000000
-15,000000
-15,000000
-15,000000
-15,000000
-15,000000
-15,000000
-15,000000
-15,000000
-15,000000
-15,000000
-15,000000
-15,000000
-15,000000
-15,000000
-15,000000
-15,000000
-15,000000
-15,000000
-15,000000
-15,000000
-15,000000
-15,000000
-15,000000
-15,000000
-15,000000
-15,000000
-15,000000
-15,000000
-15,000000
-15,000000
-15,000000
-15,000000
-15,000000
-15,000000
-15,000000
-15,000000
-15,000000
-15,000000
-15,000000
-15,000000
-15,000000
-15,000000
-15,000000
-15,000000
-15,000000
-15,000000
-15,000000
-15,000000
-15,000000
-15,000000
-15,000000
-15,000000
-15,000000
-15,000000
-15,000000
-15,000000
-15,000000
-15,000000
-15,000000
-15,000000
-15,000000
-15,000000
-15,000000
-15,000000
-15,000000
-15,000000
-15,000000
-15,000000
-15,000000
-15,000000
-15,000000
-15,000000
-15,000000
-15,000000
-15,000000
-15,000000
-15,000000
-15,000000
-15,000000
-15,000000
-15,000000
-15,000000
-15,000000
-15,000000
-15,000000
-15,000000
-15,000000
-15,000000
-15,000000
-15,000000
-15,000000
-15,000000
-15,000000
-15,000000
-15,000000
-15,000000
-15,000000
-15,000000
-15,000000
51,711967
52,611698
51,711967
52,611698
53,310375
52,611698
53,534618
52,611698
53,534618
52,611698
53,310375
54,436974
55,608997
56,734367
55,608997
54,436974
55,236862
54,436974
55,236862
54,436974
53,534618
54,436974
53,310375
-15,000000
-15,000000
-15,000000
-15,000000
-15,000000
-15,000000
-15,000000
-15,000000
55,809334
55,236862
56,734367
57,613377
55,809334
54,294800
55,809334
57,613377
56,734367
55,236862
53,896557
-15,000000
-15,000000
-15,000000
-15,000000
-15,000000
-15,000000
-15,000000
-15,000000
-15,000000
-15,000000
-15,000000
-15,000000
-15,000000
-15,000000
-15,000000
-15,000000
-15,000000
-15,000000
-15,000000
-15,000000
-15,000000
-15,000000
-15,000000
-15,000000
55,236862
53,896557
-15,000000
-15,000000
55,236862
54,436974
55,236862
54,436974
53,534618
52,611698
51,861382
-15,000000
-15,000000
-15,000000
-15,000000
-15,000000
-15,000000
-15,000000
-15,000000
-15,000000
-15,000000
-15,000000
51,711967
52,260937
51,711967
52,260937
53,310375
54,436974
55,608997
56,734367
58,339592
59,799648
62,344482
59,799648
60,457573
59,799648
57,613377
55,809334
56,020599
54,436974
-15,000000
-15,000000
-15,000000
-15,000000
-15,000000
-15,000000
-15,000000
-15,000000
-15,000000
-15,000000
-15,000000
-15,000000
-15,000000
-15,000000
-15,000000
-15,000000
-15,000000
-15,000000
-15,000000
-15,000000
-15,000000
49,811367
-15,000000
49,811367
49,952026
50,855270
51,861382
51,938202
53,098038
51,938202
51,861382
50,855270
49,952026
49,811367
50,680725
51,639282
51,861382
51,938202
50,915150
50,855270
51,861382
50,855270
50,915150
50,855270
50,680725
50,405388
51,294117
50,405388
49,587112
49,811367
50,680725
50,855270
50,680725
50,405388
49,587112
49,292320
-15,000000
49,631001
50,352474
49,811367
50,458992
49,811367
49,172142
-15,000000
49,251869
-15,000000
-15,000000
-15,000000
-15,000000
-15,000000
-15,000000
-15,000000
-15,000000
-15,000000
-15,000000
-15,000000
-15,000000
-15,000000
-15,000000
-15,000000
-15,000000
-15,000000
-15,000000
-15,000000
-15,000000
-15,000000
-15,000000
-15,000000
-15,000000
-15,000000
-15,000000
-15,000000
-15,000000
-15,000000
-15,000000
-15,000000
-15,000000
-15,000000
-15,000000
-15,000000
-15,000000
49,952026
50,000000
49,952026
50,855270
49,952026
49,811367
-15,000000
-15,000000
49,952026
50,855270
51,861382
50,855270
51,861382
50,855270
50,680725
51,639282
50,680725
50,405388
50,048542
49,292320
49,587112
49,811367
49,952026
50,855270
49,952026
50,000000
49,172142
50,000000
49,952026
49,811367
50,680725
50,855270
50,915150
50,855270
51,861382
51,938202
51,861382
51,938202
51,861382
51,639282
51,294117
51,639282
52,704372
52,260937
51,294117
51,639282
52,704372
52,995945
54,294800
55,809334
54,294800
52,995945
51,861382
51,938202
53,098038
51,938202
53,098038
52,995945
53,098038
52,995945
52,704372
52,995945
52,704372
53,896557
52,704372
53,896557
52,704372
52,995945
53,100449
52,995945
54,296627
55,810699
54,296806
54,438805
54,296806
54,438919
56,021950
57,959694
56,022091
54,439194
53,101273
52,999367
52,707779
51,643951
52,708035
52,264706
51,298950
50,860619
50,054531
50,410534
51,298389
50,860348
50,054230
49,298634
20,980110
21,022511
20,720627
49,298347
49,592747
50,405388
49,587112
49,292320
20,457575
20,457575
20,457575
49,631001
-15,000000
49,631001
20,744175
49,636578
50,048542
50,855270
50,048542
50,405388
49,592701
49,816673
20,628231
20,921736
20,628231
20,921736
20,848011
21,144184
20,848011
20,848011
21,144184
21,144184
21,048313
21,344540
21,048313
20,760006
20,479431
20,479431
20,479431
20,760006
20,760006
20,760006
20,760006
20,479431
-15,000000
20,658821
20,938381
20,658821
20,658821
20,938381
20,938381
21,224743
21,224743
21,224743
21,224743
21,224743
21,091595
20,815788
20,681942
20,946747
20,681942
20,681942
20,538254
-15,000000
-15,000000
-15,000000
-15,000000
-15,000000
50,855270
51,294117
50,405388
49,587112
49,292320
-15,000000
49,292320
-15,000000
49,292320
-15,000000
-15,000000
-15,000000
-15,000000
-15,000000
-15,000000
-15,000000
-15,000000
-15,000000
-15,000000
-15,000000
-15,000000
-15,000000
-15,000000
-15,000000
-15,000000
-15,000000
-15,000000
-15,000000
-15,000000
-15,000000
-15,000000
-15,000000
-15,000000
-15,000000
-15,000000
-15,000000
-15,000000
-15,000000
-15,000000
-15,000000
-15,000000
-15,000000
-15,000000
-15,000000
-15,000000
-15,000000
-15,000000
-15,000000
-15,000000
-15,000000
-15,000000
-15,000000
-15,000000
-15,000000
-15,000000
-15,000000
-15,000000
-15,000000
-15,000000
-15,000000
-15,000000
-15,000000
-15,000000
-15,000000
-15,000000
-15,000000
-15,000000
-15,000000
-15,000000
-15,000000
-15,000000
-15,000000
-15,000000
-15,000000
-15,000000
-15,000000
-15,000000
-15,000000
-15,000000
-15,000000
-15,000000
-15,000000
-15,000000
-15,000000
-15,000000
-15,000000
-15,000000
-15,000000
-15,000000
-15,000000
-15,000000
-15,000000
-15,000000
-15,000000
-15,000000
-15,000000
-15,000000
-15,000000
-15,000000
-15,000000
-15,000000
-15,000000
-15,000000
-15,000000
-15,000000
-15,000000
-15,000000
-15,000000
-15,000000
-15,000000
-15,000000
-15,000000
-15,000000
-15,000000
-15,000000
-15,000000
-15,000000
-15,000000
-15,000000
-15,000000
-15,000000
-15,000000
-15,000000
-15,000000
-15,000000
-15,000000
-15,000000
-15,000000
-15,000000
-15,000000
-15,000000
-15,000000
-15,000000
-15,000000
-15,000000
-15,000000
-15,000000
-15,000000
-15,000000
-15,000000
-15,000000
-15,000000
-15,000000
-15,000000
-15,000000
-15,000000
-15,000000
-15,000000
-15,000000
-15,000000
-15,000000
-15,000000
-15,000000
-15,000000
-15,000000
-15,000000
-15,000000
-15,000000
-15,000000
-15,000000
-15,000000
-15,000000
-15,000000
-15,000000
-15,000000
-15,000000
-15,000000
-15,000000
-15,000000
-15,000000
-15,000000
-15,000000
-15,000000
-15,000000
-15,000000
-15,000000
-15,000000
-15,000000
-15,000000
-15,000000
-15,000000
-15,000000
-15,000000
-15,000000
-15,000000
-15,000000
-15,000000
-15,000000
-15,000000
-15,000000
-15,000000
-15,000000
-15,000000
-15,000000
-15,000000
-15,000000
-15,000000
-15,000000
-15,000000
-15,000000
-15,000000
-15,000000
-15,000000
-15,000000
-15,000000
-15,000000
-15,000000
-15,000000
-15,000000
-15,000000
-15,000000
-15,000000
-15,000000
-15,000000
-15,000000
-15,000000
-15,000000
-15,000000
-15,000000
-15,000000
-15,000000
-15,000000
-15,000000
-15,000000
-15,000000
-15,000000
-15,000000
-15,000000
-15,000000
-15,000000
-15,000000
-15,000000
-15,000000
-15,000000
-15,000000
-15,000000
-15,000000
-15,000000
-15,000000
-15,000000
-15,000000
-15,000000
-15,000000
-15,000000
-15,000000
-15,000000
-15,000000
-15,000000
-15,000000
-15,000000
-15,000000
-15,000000
-15,000000
-15,000000
-15,000000
-15,000000
-15,000000
-15,000000
-15,000000
-15,000000
-15,000000
-15,000000
-15,000000
-15,000000
-15,000000
-15,000000
-15,000000
-15,000000
-15,000000
-15,000000
-15,000000
-15,000000
-15,000000
-15,000000
-15,000000
-15,000000
-15,000000
-15,000000
-15,000000
-15,000000
-15,000000
-15,000000
-15,000000
-15,000000
-15,000000
-15,000000
-15,000000
-15,000000
-15,000000
-15,000000
-15,000000
-15,000000
-15,000000
-15,000000
-15,000000
-15,000000
-15,000000
-15,000000
-15,000000
-15,000000
-15,000000
-15,000000
-15,000000
-15,000000
-15,000000
-15,000000
-15,000000
-15,000000
-15,000000
-15,000000
-15,000000
-15,000000
-15,000000
-15,000000
-15,000000
-15,000000
-15,000000
-15,000000
-15,000000
-15,000000
-15,000000
-15,000000
-15,000000
-15,000000
-15,000000
-15,000000
-15,000000
-15,000000
-15,000000
-15,000000
-15,000000
-15,000000
-15,000000
-15,000000
-15,000000
-15,000000
-15,000000
-15,000000
-15,000000
-15,000000
-15,000000
-15,000000
-15,000000
-15,000000
-15,000000
-15,000000
-15,000000
-15,000000
-15,000000
-15,000000
-15,000000
-15,000000
-15,000000
-15,000000
-15,000000
-15,000000
-15,000000
-15,000000
-15,000000
-15,000000
-15,000000
-15,000000
-15,000000
-15,000000
-15,000000
-15,000000
-15,000000
-15,000000
-15,000000
-15,000000
-15,000000
-15,000000
-15,000000
-15,000000
-15,000000
-15,000000
-15,000000
-15,000000
-15,000000
-15,000000
-15,000000
-15,000000
-15,000000
-15,000000
-15,000000
-15,000000
-15,000000
-15,000000
-15,000000
-15,000000
-15,000000
-15,000000
-15,000000
-15,000000
-15,000000
-15,000000
-15,000000
-15,000000
-15,000000
-15,000000
-15,000000
-15,000000
-15,000000
-15,000000
-15,000000
-15,000000
-15,000000
-15,000000
-15,000000
-15,000000
-15,000000
-15,000000
-15,000000
-15,000000
-15,000000
-15,000000
-15,000000
-15,000000
-15,000000
-15,000000
-15,000000
-15,000000
-15,000000
-15,000000
-15,000000
-15,000000
-15,000000
-15,000000
-15,000000
-15,000000
-15,000000
-15,000000
-15,000000
-15,000000
-15,000000
-15,000000
