45,458260 9,174352
52,260937
53,310375
52,260937
53,310375
53,896557
55,236862
56,734367
58,836155
59,799648
58,927490
57,569790
58,927490
57,569790
56,197174
55,381668
54,958344
56,015648
57,137775
57,732140
58,455147
57,977528
59,061905
60,232178
62,646255
64,242691
62,646255
60,457787
59,061905
60,232178
62,587883
64,149734
62,587883
60,214645
62,630913
64,166046
60,799198
64,142624
62,344482
60,214645
58,248714
56,734367
57,613377
55,809334
57,613377
60,169827
58,339592
56,734367
55,236862
57,507439
58,980278
60,214645
58,361149
57,074333
56,458229
55,327873
55,088825
54,216915
54,735508
54,388412
54,182430
53,946342
54,949001
54,013996
53,653217
53,296432
51,861382
51,938202
54,574677
55,677700
54,294800
55,677700
55,681492
55,595970
56,020599
55,677700
55,458954
52,995945
54,574677
54,699539
54,182430
53,760506
54,182430
54,013996
53,703362
54,549698
54,797615
54,275242
55,246758
55,066490
54,182430
53,865570
53,167160
49,631001
50,048542
49,631001
50,048542
49,631001
50,048542
52,302620
-15,000000
49,631001
50,048542
49,631001
50,048542
49,292320
49,587112
49,811367
49,952026
50,855270
50,915150
50,855270
51,861382
51,639282
53,001907
53,831093
53,402248
53,831093
54,226852
53,989784
54,321350
54,831982
54,021095
53,513741
53,881744
53,299984
50,458992
49,811367
52,433029
53,128830
53,035095
53,831093
53,731976
53,831093
54,226852
53,989784
54,237183
54,625031
53,930847
54,216915
53,685005
50,855270
53,010849
53,458958
53,513725
53,296432
52,589870
52,829720
52,182446
-15,000000
52,182446
-15,000000
49,172142
49,631001
50,352474
49,811367
49,251869
-15,000000
49,251869
49,811367
50,352474
49,631001
-15,000000
-15,000000
-15,000000
-15,000000
52,394886
50,405388
50,048542
50,855270
51,294117
50,855270
50,048542
50,405388
50,048542
49,631001
-15,000000
49,631001
49,172142
-15,000000
-15,000000
-15,000000
-15,000000
49,631001
50,352474
51,100235
51,861382
51,100235
51,711967
52,260937
53,310375
52,611698
51,861382
52,611698
51,861382
51,100235
50,352474
49,631001
49,172142
-15,000000
52,182446
49,631001
50,352474
51,100235
50,458992
51,100235
51,711967
52,611698
53,310375
53,896557
54,294800
54,436974
56,020599
57,958797
60,457573
57,958797
57,613377
59,799648
57,613377
59,799648
58,849300
56,734367
58,339592
59,799648
62,344482
63,979401
62,554394
63,979401
62,554394
63,979401
62,344482
59,799648
58,279922
58,548714
56,020599
58,548714
60,816570
64,147896
70,052559
64,238213
70,085724
64,238213
62,723007
60,447063
61,174206
64,422966
70,085724
64,320198
61,174206
60,574039
60,993240
60,301479
58,279922
57,561436
58,339592
59,799648
58,339592
60,227654
58,909931
60,227654
58,933594
57,435852
55,236862
56,661919
56,989700
55,568119
54,294800
54,745678
54,768768
55,001122
54,397697
53,895611
54,397697
54,467030
55,567024
56,347675
57,452702
56,347675
56,284718
56,007408
55,214695
55,238159
54,204414
54,638386
55,439919
55,862907
56,704048
57,538925
59,148579
58,577614
57,608208
57,028881
56,400558
56,244850
55,702496
55,625858
56,286091
55,664944
56,180717
56,809792
55,070641
55,759716
55,236862
56,683586
56,385670
56,722885
57,200638
56,326004
54,846390
55,503021
56,282711
56,661919
55,668278
54,745678
52,704372
54,745678
54,397697
54,467030
54,829903
54,067978
54,768768
54,365116
54,762047
54,887802
55,475906
55,475906
55,130150
55,001122
54,397697
54,467030
54,039959
53,437389
50,680725
50,855270
49,952026
-15,000000
49,172142
-15,000000
-15,000000
-15,000000
49,292320
49,587112
49,811367
49,587112
49,811367
49,587112
50,405388
49,587112
49,811367
52,619408
53,389313
53,779175
53,626019
50,405388
51,294117
52,842693
51,294117
53,995842
53,310375
53,896557
54,504738
54,268448
53,705383
53,194920
53,779175
53,555534
54,090534
53,555534
53,278065
53,025795
52,710991
52,892567
50,000000
52,513809
-15,000000
49,172142
-15,000000
-15,000000
49,811367
-15,000000
-15,000000
-15,000000
-15,000000
-15,000000
-15,000000
-15,000000
-15,000000
-15,000000
49,172142
49,631001
-15,000000
49,631001
-15,000000
49,292320
49,587112
49,292320
50,048542
49,292320
-15,000000
49,292320
49,587112
49,292320
-15,000000
49,292320
49,587112
49,292320
-15,000000
49,292320
49,587112
49,811367
-15,000000
-15,000000
-15,000000
-15,000000
49,172142
-15,000000
-15,000000
-15,000000
-15,000000
-15,000000
-15,000000
-15,000000
-15,000000
-15,000000
-15,000000
49,292320
50,048542
50,855270
50,352474
49,811367
50,458992
51,100235
51,711967
50,855270
51,294117
51,639282
50,680725
49,811367
49,952026
49,811367
50,680725
50,855270
49,952026
50,000000
49,952026
50,855270
49,952026
-15,000000
49,952026
50,000000
49,952026
50,855270
50,915150
53,782063
50,915150
53,105042
50,680725
49,811367
50,680725
50,405388
49,587112
52,513809
52,619408
52,513809
52,804779
50,000000
49,952026
-15,000000
49,172142
-15,000000
49,172142
-15,000000
-15,000000
-15,000000
-15,000000
-15,000000
-15,000000
-15,000000
-15,000000
-15,000000
-15,000000
-15,000000
-15,000000
-15,000000
-15,000000
-15,000000
-15,000000
-15,000000
-15,000000
-15,000000
-15,000000
-15,000000
-15,000000
-15,000000
-15,000000
-15,000000
-15,000000
-15,000000
-15,000000
-15,000000
-15,000000
-15,000000
-15,000000
-15,000000
-15,000000
-15,000000
-15,000000
-15,000000
-15,000000
-15,000000
-15,000000
-15,000000
-15,000000
-15,000000
-15,000000
-15,000000
-15,000000
-15,000000
-15,000000
-15,000000
-15,000000
-15,000000
-15,000000
-15,000000
-15,000000
-15,000000
-15,000000
-15,000000
-15,000000
-15,000000
-15,000000
-15,000000
-15,000000
-15,000000
-15,000000
-15,000000
-15,000000
-15,000000
-15,000000
-15,000000
-15,000000
-15,000000
-15,000000
-15,000000
-15,000000
-15,000000
-15,000000
-15,000000
-15,000000
-15,000000
-15,000000
-15,000000
-15,000000
-15,000000
-15,000000
-15,000000
-15,000000
-15,000000
-15,000000
-15,000000
-15,000000
-15,000000
-15,000000
-15,000000
-15,000000
-15,000000
-15,000000
-15,000000
-15,000000
-15,000000
-15,000000
-15,000000
-15,000000
-15,000000
-15,000000
-15,000000
-15,000000
-15,000000
-15,000000
-15,000000
-15,000000
-15,000000
-15,000000
-15,000000
-15,000000
-15,000000
-15,000000
-15,000000
49,251869
49,811367
49,172142
49,811367
49,172142
-15,000000
-15,000000
-15,000000
-15,000000
-15,000000
-15,000000
-15,000000
-15,000000
49,292320
50,048542
50,405388
51,294117
51,639282
50,680725
50,855270
50,680725
50,855270
50,915150
50,855270
51,861382
52,995945
52,704372
51,639282
52,704372
53,896557
54,294800
55,809334
54,294800
55,809334
57,613377
56,734367
55,236862
55,809334
57,613377
59,799648
58,339592
59,799648
62,344482
63,979401
62,344482
63,979401
60,457573
63,979401
62,344482
59,799648
57,613377
59,799648
58,339592
59,799648
58,339592
59,799648
58,339592
59,799648
60,457573
57,958797
57,613377
59,799648
62,344482
59,799648
62,344482
59,799648
58,844841
56,734367
58,844841
60,214645
60,871628
60,214645
58,204582
59,799648
58,339592
59,799648
60,457573
59,799648
60,457573
59,799648
62,344482
59,799648
57,613377
59,799648
58,339592
59,799648
57,613377
59,799648
60,457573
57,958797
57,613377
57,958797
57,613377
56,734367
55,236862
55,809334
57,613377
57,453987
57,613377
57,958797
57,613377
55,809334
54,294800
56,683586
58,314472
56,908970
56,999451
56,908970
57,134647
56,908970
55,560154
54,436974
56,020599
55,809334
56,020599
54,436974
54,294800
54,436974
54,294800
53,896557
55,236862
56,734367
55,608997
54,436974
53,310375
52,260937
52,704372
53,896557
55,236862
56,734367
55,236862
54,436974
55,608997
56,734367
55,608997
54,436974
55,608997
54,436974
55,236862
55,809334
56,020599
54,436974
55,477833
56,782970
55,766708
56,747341
56,999451
55,883408
55,681492
55,595970
55,681492
56,908970
57,134647
56,782970
54,294800
54,699539
54,698406
54,901329
54,586685
55,277985
53,310375
54,035789
51,711967
52,260937
52,704372
52,260937
52,704372
51,639282
51,861382
51,938202
53,098038
52,995945
51,861382
50,855270
49,952026
50,000000
49,172142
-15,000000
49,172142
-15,000000
-15,000000
-15,000000
-15,000000
-15,000000
-15,000000
-15,000000
49,172142
52,917007
52,962326
50,000000
52,589870
50,000000
52,589870
-15,000000
49,952026
50,000000
52,182446
-15,000000
-15,000000
52,821671
-15,000000
-15,000000
20,743343
49,298347
49,592697
50,410057
49,593155
50,410389
49,593601
50,410763
49,594109
21,606981
49,594021
49,300301
21,860056
49,300785
49,595181
50,412170
49,595371
50,412170
50,687145
50,412830
49,596130
22,764366
23,150414
23,150414
23,134010
23,535683
23,535683
23,554420
23,554420
23,535683
23,535683
23,480169
23,389872
23,389872
23,389872
23,267826
23,267826
23,649994
24,044109
23,850843
23,850843
24,227636
24,449223
24,634628
24,449223
24,863308
24,607515
24,985466
24,662476
24,985647
25,353689
25,353689
25,700207
25,353689
49,603466
25,700447
25,282963
25,282963
24,863827
25,081360
24,635422
24,776182
25,248631
25,248631
25,742634
25,872482
26,420639
26,478130
26,421328
26,421328
26,421328
26,258562
26,790125
26,790125
26,790125
26,258562
26,010696
25,702467
25,702467
26,107094
25,702467
26,107094
25,702467
25,355883
25,702732
25,285120
24,865856
25,083378
25,250580
25,083378
24,637302
24,451725
24,637302
24,206507
24,206507
23,791542
23,791542
23,652363
23,482504
23,287155
23,071394
22,839869
22,542170
22,542170
22,320038
22,320038
49,181572
50,007790
52,788010
53,132988
51,299992
50,412071
51,299561
50,861084
50,358997
51,105728
50,359238
49,638424
50,054817
50,860626
50,055126
50,411457
50,054985
50,411457
50,054985
50,860626
51,716465
50,860626
51,716465
52,264809
51,298828
52,264595
53,807816
54,236435
51,865391
51,105019
53,077835
52,944710
52,927689
49,816994
50,463966
49,816772
49,178013
20,561361
49,251869
49,811367
49,172142
-15,000000
-15,000000
-15,000000
-15,000000
-15,000000
-15,000000
-15,000000
-15,000000
-15,000000
-15,000000
-15,000000
-15,000000
-15,000000
-15,000000
-15,000000
-15,000000
-15,000000
-15,000000
-15,000000
-15,000000
-15,000000
-15,000000
-15,000000
-15,000000
-15,000000
-15,000000
-15,000000
-15,000000
-15,000000
-15,000000
-15,000000
-15,000000
-15,000000
-15,000000
-15,000000
-15,000000
-15,000000
-15,000000
-15,000000
-15,000000
-15,000000
-15,000000
-15,000000
-15,000000
-15,000000
-15,000000
-15,000000
49,292320
50,048542
49,292320
52,452515
54,390102
54,737213
51,861382
53,824013
53,881744
51,938202
53,881744
54,537819
52,704372
52,995945
51,861382
50,855270
50,915150
