54,599899 45,458160 9,174228
54,277996 45,458164 9,174229
54,896160 45,458160 9,174230
54,114449 45,458160 9,174230
53,005978 45,458164 9,174229
49,588860 45,458160 9,174228
49,332756 45,458164 9,174228
-15,000000 45,458164 9,174227
49,332756 45,458164 9,174226
-15,000000 45,458164 9,174226
-15,000000 45,458164 9,174226
49,588860 45,458164 9,174226
49,987953 45,458164 9,174227
49,588860 45,458164 9,174226
49,987953 45,458164 9,174225
50,252747 45,458164 9,174225
51,480324 45,458160 9,174225
51,126827 45,458160 9,174226
51,480324 45,458160 9,174227
51,617722 45,458160 9,174227
51,480324 45,458160 9,174227
51,617722 45,458160 9,174227
50,354050 45,458160 9,174226
52,382721 45,458160 9,174227
-15,000000 45,458160 9,174228
-15,000000 45,458157 9,174227
-15,000000 45,458160 9,174227
49,490471 45,458160 9,174228
50,003380 45,458157 9,174228
49,490471 45,458160 9,174229
50,426212 45,458160 9,174228
53,746407 45,458160 9,174228
53,753952 45,458160 9,174229
52,838455 45,458160 9,174228
50,510582 45,458160 9,174229
51,282219 45,458160 9,174229
52,389793 45,458160 9,174229
53,310375 45,458160 9,174228
51,962315 45,458160 9,174228
53,076340 45,458160 9,174227
53,033939 45,458160 9,174226
49,251068 45,458160 9,174227
49,193920 45,458160 9,174226
-15,000000 45,458160 9,174225
-15,000000 45,458160 9,174226
52,251743 45,458160 9,174226
49,173332 45,458160 9,174227
49,251068 45,458157 9,174228
49,173332 45,458157 9,174228
49,251068 45,458157 9,174227
49,173332 45,458157 9,174226
-15,000000 45,458157 9,174226
-15,000000 45,458157 9,174226
-15,000000 45,458157 9,174225
-15,000000 45,458157 9,174225
-15,000000 45,458157 9,174224
52,238392 45,458157 9,174225
50,252747 45,458157 9,174225
50,354050 45,458153 9,174225
51,617722 45,458153 9,174225
51,480324 45,458157 9,174225
51,126827 45,458153 9,174225
50,607895 45,458153 9,174224
49,588860 45,458153 9,174225
-15,000000 45,458153 9,174226
-15,000000 45,458153 9,174227
-15,000000 45,458153 9,174228
-15,000000 45,458153 9,174229
-15,000000 45,458153 9,174228
-15,000000 45,458153 9,174228
-15,000000 45,458153 9,174227
-15,000000 45,458153 9,174227
-15,000000 45,458153 9,174226
-15,000000 45,458153 9,174225
-15,000000 45,458153 9,174225
-15,000000 45,458153 9,174226
-15,000000 45,458153 9,174227
-15,000000 45,458153 9,174226
-15,000000 45,458153 9,174225
-15,000000 45,458153 9,174224
-15,000000 45,458153 9,174223
-15,000000 45,458153 9,174222
-15,000000 45,458153 9,174222
-15,000000 45,458153 9,174222
-15,000000 45,458153 9,174221
-15,000000 45,458153 9,174220
-15,000000 45,458153 9,174221
-15,000000 45,458153 9,174221
-15,000000 45,458153 9,174221
-15,000000 45,458153 9,174222
-15,000000 45,458153 9,174222
-15,000000 45,458153 9,174223
-15,000000 45,458153 9,174222
-15,000000 45,458153 9,174221
-15,000000 45,458153 9,174220
-15,000000 45,458153 9,174221
-15,000000 45,458153 9,174222
-15,000000 45,458149 9,174222
-15,000000 45,458149 9,174221
-15,000000 45,458153 9,174222
-15,000000 45,458149 9,174221
-15,000000 45,458149 9,174221
