45,458168 9,174223
51,294117
50,405388
51,294117
50,405388
51,294117
52,260937
51,294117
50,855270
51,294117
50,855270
50,048542
49,631001
50,048542
49,292320
-15,000000
49,292320
50,048542
49,292320
50,048542
50,855270
50,352474
49,811367
49,172142
-15,000000
49,172142
49,811367
49,172142
-15,000000
-15,000000
-15,000000
-15,000000
-15,000000
-15,000000
-15,000000
-15,000000
-15,000000
-15,000000
-15,000000
-15,000000
-15,000000
-15,000000
-15,000000
-15,000000
-15,000000
-15,000000
-15,000000
-15,000000
-15,000000
-15,000000
-15,000000
-15,000000
-15,000000
-15,000000
-15,000000
-15,000000
-15,000000
-15,000000
-15,000000
-15,000000
-15,000000
-15,000000
-15,000000
-15,000000
-15,000000
-15,000000
-15,000000
-15,000000
-15,000000
-15,000000
-15,000000
-15,000000
-15,000000
-15,000000
-15,000000
-15,000000
-15,000000
-15,000000
-15,000000
-15,000000
-15,000000
-15,000000
-15,000000
-15,000000
-15,000000
-15,000000
-15,000000
-15,000000
-15,000000
-15,000000
-15,000000
-15,000000
-15,000000
-15,000000
-15,000000
-15,000000
-15,000000
-15,000000
-15,000000
-15,000000
-15,000000
-15,000000
-15,000000
-15,000000
-15,000000
-15,000000
-15,000000
-15,000000
-15,000000
-15,000000
-15,000000
-15,000000
-15,000000
-15,000000
-15,000000
-15,000000
-15,000000
-15,000000
-15,000000
-15,000000
-15,000000
-15,000000
-15,000000
-15,000000
-15,000000
-15,000000
-15,000000
-15,000000
-15,000000
-15,000000
-15,000000
-15,000000
-15,000000
-15,000000
-15,000000
-15,000000
-15,000000
-15,000000
-15,000000
-15,000000
-15,000000
-15,000000
-15,000000
-15,000000
-15,000000
-15,000000
-15,000000
-15,000000
-15,000000
-15,000000
-15,000000
-15,000000
-15,000000
-15,000000
-15,000000
-15,000000
-15,000000
-15,000000
-15,000000
-15,000000
-15,000000
-15,000000
-15,000000
-15,000000
-15,000000
-15,000000
-15,000000
-15,000000
-15,000000
49,172142
-15,000000
-15,000000
-15,000000
-15,000000
-15,000000
-15,000000
-15,000000
-15,000000
-15,000000
-15,000000
-15,000000
-15,000000
-15,000000
-15,000000
-15,000000
-15,000000
49,811367
50,680725
50,405388
49,587112
50,405388
49,587112
49,292320
-15,000000
-15,000000
-15,000000
-15,000000
-15,000000
-15,000000
49,587112
49,811367
50,680725
49,811367
49,587112
49,811367
-15,000000
-15,000000
-15,000000
-15,000000
-15,000000
-15,000000
-15,000000
-15,000000
-15,000000
-15,000000
-15,000000
-15,000000
-15,000000
-15,000000
-15,000000
-15,000000
-15,000000
-15,000000
-15,000000
49,811367
49,587112
49,292320
50,048542
50,405388
49,587112
50,405388
51,294117
52,260937
52,704372
53,896557
54,294800
55,809334
56,020599
55,809334
55,236862
56,734367
58,339592
56,734367
57,613377
59,799648
60,457573
59,799648
57,613377
59,799648
62,344482
59,799648
57,613377
59,799648
57,613377
56,734367
58,339592
56,734367
55,608997
56,734367
58,339592
59,799648
62,344482
59,799648
60,457573
63,979401
60,457573
59,799648
60,457573
57,958797
60,457573
59,799648
58,339592
56,734367
58,339592
56,734367
58,339592
56,734367
55,236862
54,436974
55,236862
53,896557
55,236862
56,734367
55,608997
56,734367
58,339592
56,734367
55,608997
54,436974
53,310375
52,611698
51,711967
51,100235
51,711967
52,260937
53,310375
54,436974
55,236862
53,896557
52,704372
53,896557
52,704372
51,639282
52,704372
51,639282
50,680725
51,639282
51,294117
50,855270
51,711967
51,100235
51,861382
52,611698
53,534618
52,611698
51,711967
52,611698
53,310375
52,611698
53,534618
54,436974
53,310375
53,896557
52,704372
53,896557
52,704372
52,995945
51,861382
50,855270
50,915150
50,000000
50,915150
50,855270
51,861382
52,995945
52,704372
51,639282
50,680725
50,855270
50,915150
51,938202
51,861382
50,855270
51,861382
51,938202
51,861382
51,639282
51,294117
50,405388
51,294117
52,260937
52,704372
51,639282
51,861382
51,639282
51,294117
52,260937
51,711967
51,100235
50,352474
49,631001
49,172142
-15,000000
-15,000000
-15,000000
-15,000000
-15,000000
-15,000000
-15,000000
-15,000000
-15,000000
49,172142
-15,000000
-15,000000
-15,000000
-15,000000
49,292320
49,587112
49,811367
-15,000000
-15,000000
-15,000000
-15,000000
49,587112
49,811367
50,680725
51,639282
51,294117
51,639282
51,861382
50,855270
51,861382
50,855270
50,915150
50,855270
49,952026
50,855270
49,952026
50,000000
50,915150
51,938202
51,861382
52,995945
51,861382
50,855270
49,952026
49,811367
49,952026
-15,000000
49,952026
-15,000000
-15,000000
-15,000000
-15,000000
-15,000000
-15,000000
49,811367
49,587112
-15,000000
-15,000000
-15,000000
-15,000000
-15,000000
-15,000000
-15,000000
-15,000000
-15,000000
-15,000000
-15,000000
-15,000000
-15,000000
-15,000000
-15,000000
-15,000000
-15,000000
-15,000000
-15,000000
-15,000000
-15,000000
-15,000000
-15,000000
-15,000000
-15,000000
-15,000000
-15,000000
-15,000000
-15,000000
-15,000000
-15,000000
-15,000000
-15,000000
-15,000000
49,952026
-15,000000
-15,000000
-15,000000
-15,000000
-15,000000
-15,000000
-15,000000
-15,000000
-15,000000
-15,000000
-15,000000
-15,000000
-15,000000
-15,000000
-15,000000
-15,000000
-15,000000
-15,000000
-15,000000
-15,000000
-15,000000
49,952026
-15,000000
49,172142
-15,000000
49,172142
50,000000
50,915150
50,000000
49,172142
-15,000000
-15,000000
-15,000000
-15,000000
-15,000000
-15,000000
-15,000000
-15,000000
-15,000000
-15,000000
-15,000000
-15,000000
-15,000000
-15,000000
-15,000000
-15,000000
-15,000000
-15,000000
-15,000000
-15,000000
-15,000000
-15,000000
-15,000000
-15,000000
-15,000000
-15,000000
-15,000000
-15,000000
-15,000000
-15,000000
-15,000000
-15,000000
-15,000000
-15,000000
-15,000000
-15,000000
-15,000000
-15,000000
-15,000000
-15,000000
-15,000000
-15,000000
-15,000000
-15,000000
-15,000000
-15,000000
-15,000000
-15,000000
-15,000000
-15,000000
-15,000000
-15,000000
-15,000000
-15,000000
-15,000000
-15,000000
-15,000000
-15,000000
-15,000000
-15,000000
-15,000000
-15,000000
-15,000000
-15,000000
-15,000000
-15,000000
-15,000000
-15,000000
-15,000000
-15,000000
-15,000000
-15,000000
-15,000000
-15,000000
-15,000000
-15,000000
-15,000000
-15,000000
-15,000000
-15,000000
-15,000000
-15,000000
-15,000000
-15,000000
-15,000000
-15,000000
-15,000000
-15,000000
-15,000000
-15,000000
-15,000000
-15,000000
-15,000000
-15,000000
-15,000000
-15,000000
-15,000000
-15,000000
-15,000000
-15,000000
-15,000000
-15,000000
-15,000000
-15,000000
-15,000000
-15,000000
-15,000000
-15,000000
-15,000000
-15,000000
-15,000000
-15,000000
-15,000000
-15,000000
-15,000000
-15,000000
-15,000000
-15,000000
-15,000000
-15,000000
-15,000000
-15,000000
-15,000000
-15,000000
-15,000000
-15,000000
-15,000000
-15,000000
-15,000000
-15,000000
-15,000000
-15,000000
-15,000000
-15,000000
-15,000000
-15,000000
-15,000000
-15,000000
-15,000000
-15,000000
-15,000000
-15,000000
-15,000000
-15,000000
-15,000000
-15,000000
-15,000000
-15,000000
-15,000000
-15,000000
-15,000000
-15,000000
-15,000000
-15,000000
-15,000000
-15,000000
-15,000000
-15,000000
-15,000000
-15,000000
-15,000000
-15,000000
-15,000000
-15,000000
-15,000000
-15,000000
-15,000000
-15,000000
-15,000000
-15,000000
-15,000000
-15,000000
-15,000000
-15,000000
-15,000000
-15,000000
-15,000000
-15,000000
-15,000000
-15,000000
-15,000000
-15,000000
-15,000000
-15,000000
-15,000000
-15,000000
-15,000000
-15,000000
-15,000000
-15,000000
-15,000000
-15,000000
-15,000000
-15,000000
-15,000000
-15,000000
-15,000000
-15,000000
-15,000000
-15,000000
-15,000000
-15,000000
-15,000000
-15,000000
-15,000000
-15,000000
-15,000000
-15,000000
-15,000000
-15,000000
-15,000000
-15,000000
-15,000000
-15,000000
-15,000000
-15,000000
-15,000000
-15,000000
-15,000000
-15,000000
-15,000000
-15,000000
-15,000000
-15,000000
-15,000000
-15,000000
-15,000000
-15,000000
-15,000000
-15,000000
-15,000000
-15,000000
-15,000000
-15,000000
-15,000000
-15,000000
-15,000000
-15,000000
-15,000000
-15,000000
-15,000000
-15,000000
-15,000000
-15,000000
-15,000000
-15,000000
-15,000000
-15,000000
-15,000000
-15,000000
-15,000000
-15,000000
-15,000000
-15,000000
-15,000000
-15,000000
-15,000000
-15,000000
-15,000000
-15,000000
-15,000000
-15,000000
-15,000000
-15,000000
-15,000000
-15,000000
-15,000000
-15,000000
-15,000000
-15,000000
-15,000000
-15,000000
-15,000000
-15,000000
-15,000000
-15,000000
-15,000000
-15,000000
-15,000000
-15,000000
-15,000000
-15,000000
-15,000000
-15,000000
-15,000000
-15,000000
-15,000000
-15,000000
-15,000000
-15,000000
-15,000000
-15,000000
-15,000000
-15,000000
-15,000000
-15,000000
-15,000000
-15,000000
-15,000000
-15,000000
-15,000000
-15,000000
-15,000000
-15,000000
-15,000000
-15,000000
-15,000000
-15,000000
-15,000000
-15,000000
-15,000000
-15,000000
-15,000000
-15,000000
-15,000000
-15,000000
-15,000000
-15,000000
-15,000000
-15,000000
-15,000000
-15,000000
-15,000000
-15,000000
-15,000000
-15,000000
-15,000000
-15,000000
-15,000000
-15,000000
-15,000000
-15,000000
-15,000000
-15,000000
-15,000000
-15,000000
-15,000000
-15,000000
-15,000000
-15,000000
-15,000000
-15,000000
-15,000000
-15,000000
-15,000000
-15,000000
-15,000000
-15,000000
-15,000000
-15,000000
-15,000000
-15,000000
-15,000000
-15,000000
-15,000000
-15,000000
-15,000000
-15,000000
-15,000000
-15,000000
-15,000000
-15,000000
-15,000000
-15,000000
-15,000000
-15,000000
-15,000000
-15,000000
-15,000000
-15,000000
-15,000000
-15,000000
-15,000000
-15,000000
-15,000000
-15,000000
-15,000000
-15,000000
-15,000000
-15,000000
-15,000000
-15,000000
-15,000000
-15,000000
-15,000000
-15,000000
-15,000000
-15,000000
-15,000000
-15,000000
-15,000000
-15,000000
-15,000000
-15,000000
-15,000000
-15,000000
-15,000000
-15,000000
-15,000000
-15,000000
-15,000000
-15,000000
-15,000000
-15,000000
-15,000000
-15,000000
-15,000000
-15,000000
-15,000000
-15,000000
-15,000000
-15,000000
-15,000000
-15,000000
-15,000000
-15,000000
-15,000000
-15,000000
-15,000000
-15,000000
-15,000000
-15,000000
-15,000000
-15,000000
-15,000000
-15,000000
-15,000000
-15,000000
-15,000000
-15,000000
-15,000000
-15,000000
-15,000000
-15,000000
-15,000000
-15,000000
-15,000000
-15,000000
-15,000000
-15,000000
-15,000000
-15,000000
-15,000000
-15,000000
-15,000000
-15,000000
-15,000000
-15,000000
-15,000000
49,292320
50,048542
49,631001
-15,000000
49,631001
49,172142
-15,000000
49,172142
-15,000000
-15,000000
-15,000000
-15,000000
-15,000000
-15,000000
-15,000000
-15,000000
-15,000000
-15,000000
-15,000000
-15,000000
-15,000000
-15,000000
-15,000000
-15,000000
-15,000000
-15,000000
-15,000000
-15,000000
-15,000000
-15,000000
-15,000000
-15,000000
-15,000000
-15,000000
-15,000000
-15,000000
-15,000000
-15,000000
-15,000000
-15,000000
-15,000000
-15,000000
-15,000000
-15,000000
-15,000000
-15,000000
-15,000000
-15,000000
-15,000000
-15,000000
-15,000000
-15,000000
-15,000000
-15,000000
-15,000000
-15,000000
-15,000000
-15,000000
-15,000000
-15,000000
-15,000000
-15,000000
-15,000000
-15,000000
-15,000000
-15,000000
-15,000000
-15,000000
-15,000000
